ISS (ZARYA)             
1 25544U 98067A   17282.19826833  .00005481  00000-0  89994-4 0  9991
2 25544  51.6422 189.9729 0004557   2.1567 152.0948 15.54125169 79485
TIANGONG 1              
1 37820U 11053A   17282.17207176  .00048679  89853-5  18476-3 0  9992
2 37820  42.7564 218.5839 0018868 177.1706  31.7993 15.87419575346025
AGGIESAT 4              
1 41313U 98067HP  17282.09170688  .00050542  00000-0  24869-3 0  9999
2 41313  51.6365 135.3106 0004069 211.4503 148.6256 15.81632793 96905
NODES 2                 
1 41477U 98067HX  17262.38431888  .17021661  12538-4  46079-3 0  9990
2 41477  51.6074 225.8859 0003017 249.6794 110.5489 16.45625800 77086
NODES 1                 
1 41478U 98067HY  17266.27255257  .13534231  12598-4  22876-3 0  9990
2 41478  51.6086 206.1528 0005980 262.1280  97.9071 16.47641774 77698
FLOCK 2E'-1             
1 41479U 98067HZ  17282.16736189  .00042090  00000-0  27382-3 0  9996
2 41479  51.6329 153.1126 0001082 179.5827 180.5174 15.75497567 79785
FLOCK 2E'-3             
1 41480U 98067JA  17282.21219425  .00035487  00000-0  23819-3 0  9996
2 41480  51.6306 152.6829 0001282 154.1505 205.9558 15.74859366 79786
FLOCK 2E'-2             
1 41481U 98067JB  17282.21262955  .00137581  00000-0  77476-3 0  9999
2 41481  51.6293 150.3582 0002916 214.7713 145.3098 15.78263635 79803
FLOCK 2E'-4             
1 41482U 98067JC  17282.16046575  .00206352  00000-0  89856-3 0  9990
2 41482  51.6241 146.9481 0004571 214.8477 145.2227 15.83630355 79843
FLOCK 2E-1              
1 41483U 98067JD  17282.20415670  .00031372  00000-0  23054-3 0  9998
2 41483  51.6338 154.9535 0002693 140.0414 220.0784 15.72805700 79615
FLOCK 2E-2              
1 41484U 98067JE  17282.18264693  .00038758  00000-0  25153-3 0  9990
2 41484  51.6324 151.8200 0002955 162.3140 197.7963 15.75589372 79650
FLOCK 2E-3              
1 41486U 98067JG  17282.19533773  .00032813  00000-0  22869-3 0  9998
2 41486  51.6318 156.3750 0003197 172.8603 187.2442 15.74022362 79616
FLOCK 2E-4              
1 41487U 98067JH  17282.06320677  .00029936  00000-0  21952-3 0  9996
2 41487  51.6327 155.4737 0003685 170.4050 189.7019 15.72879132 79614
FLOCK 2E-6              
1 41563U 98067JM  17281.29104199  .00066856  00000-0  51753-3 0  9998
2 41563  51.6330 163.0728 0001151 215.4825 144.6097 15.71231360 77511
FLOCK 2E-5              
1 41564U 98067JN  17282.19895025  .00025973  00000-0  20983-3 0  9990
2 41564  51.6328 158.6474 0000650 202.8608 157.2361 15.70659327 77643
FLOCK 2E-7              
1 41565U 98067JP  17282.17888414  .00040391  00000-0  26034-3 0  9997
2 41565  51.6294 151.6844 0004141 189.1097 170.9828 15.75721507 77632
FLOCK 2E'-5             
1 41567U 98067JR  17282.06857703  .00024700  00000-0  20885-3 0  9998
2 41567  51.6343 161.5593 0004137 193.4790 166.6097 15.69581783 77467
FLOCK 2E'-6             
1 41568U 98067JS  17282.21221977  .00030243  00000-0  22699-3 0  9998
2 41568  51.6330 156.4435 0004114 192.5080 167.5816 15.72321732 77570
FLOCK 2E'-8             
1 41569U 98067JT  17281.74527317  .00041776  00000-0  26332-3 0  9994
2 41569  51.6330 153.2874 0002704 164.9785 195.1295 15.76222149 77452
FLOCK 2E'-7             
1 41570U 98067JU  17276.23066052  .07821693  11956-4  21580-2 0  9994
2 41570  51.6314 172.6072 0011089 233.3572 126.6600 16.26996484 76726
FLOCK 2E-9              
1 41571U 98067JV  17282.05541786  .00046018  00000-0  27425-3 0  9996
2 41571  51.6338 150.1220 0003294 179.7987 180.3015 15.77447397 77504
FLOCK 2E-10             
1 41572U 98067JW  17282.04317526  .00037984  00000-0  25411-3 0  9994
2 41572  51.6330 153.8168 0004414 187.7836 172.3095 15.74893003 77454
FLOCK 2E-12             
1 41573U 98067JX  17281.71360676  .00043336  00000-0  27027-3 0  9995
2 41573  51.6333 153.8339 0003980 192.7838 167.3062 15.76442398 77427
FLOCK 2E-11             
1 41574U 98067JY  17282.20749518  .00040466  00000-0  25331-3 0  9994
2 41574  51.6280 150.3154 0004335 206.2873 153.7907 15.76387781 77512
FLOCK 2E'-9             
1 41575U 98067JZ  17282.04376737  .00052183  00000-0  29745-3 0  9998
2 41575  51.6304 149.1881 0004452 211.2976 148.7760 15.78385727 77503
FLOCK 2E'-10            
1 41576U 98067KA  17281.93948584  .00046737  00000-0  28087-3 0  9997
2 41576  51.6323 152.3775 0004483 212.1957 147.8770 15.77246264 77351
FLOCK 2E'-11            
1 41577U 98067KB  17282.03673738  .00038651  00000-0  25271-3 0  9994
2 41577  51.6336 153.0473 0004564 190.8697 169.2205 15.75412788 77177
FLOCK 2E'-12            
1 41578U 98067KC  17282.03196132  .00054821  00000-0  31080-3 0  9995
2 41578  51.6279 150.6402 0005609 194.2951 165.7892 15.78478120 77203
FLOCK 2E'-13            
1 41761U 98067KH  17282.10686688  .00019762  00000-0  21418-3 0  9996
2 41761  51.6364 176.1612 0004934 336.0200  24.0564 15.63533346 60718
FLOCK 2E'-14            
1 41762U 98067KJ  17281.94616481  .00018917  00000-0  20224-3 0  9997
2 41762  51.6379 176.6238 0004529 337.5708  22.5089 15.63918106 60696
FLOCK 2E'-16            
1 41763U 98067KK  17282.13550129  .00021714  00000-0  22547-3 0  9995
2 41763  51.6377 174.8855 0004048 353.5522   6.5420 15.64562482 60692
FLOCK 2E'-15            
1 41764U 98067KL  17282.12558593  .00017304  00000-0  18934-3 0  9993
2 41764  51.6373 176.3161 0004661 344.9600  15.1255 15.63395364 60670
TIANGONG-2              
1 41765U 16057A   17282.10318287  .00007893  00000-0  10291-3 0  9995
2 41765  42.7837  38.1900 0003940 307.8130  37.5308 15.59090511 60755
FLOCK 2E'-18            
1 41769U 98067KM  17282.17171579  .00018881  00000-0  20553-3 0  9999
2 41769  51.6374 175.8678 0004137  14.5275 345.5838 15.63458769 60686
FLOCK 2E'-17            
1 41776U 98067KN  17282.09371769  .00020908  00000-0  22534-3 0  9995
2 41776  51.6384 176.1256 0004365  14.3072 345.8046 15.63637817 60662
FLOCK 2E'-19            
1 41777U 98067KP  17282.05909347  .00029367  00000-0  27057-3 0  9994
2 41777  51.6351 171.3191 0002920  20.2797 339.8315 15.67376305 60687
FLOCK 2E'-20            
1 41782U 98067KQ  17282.05688881  .00030116  00000-0  28954-3 0  9998
2 41782  51.6366 172.8484 0003037  18.0571 342.0532 15.66302395 60533
BANXING-2               
1 41834U 16057H   17282.24337248  .00019633  00000-0  15610-3 0  9990
2 41834  42.7838  21.8258 0009457 329.7816 237.5870 15.70781425 55025
STARS-C                 
1 41895U 98067KR  17281.82502937  .00059610  00000-0  48345-3 0  9990
2 41895  51.6347 178.0168 0002692  78.7164 281.4135 15.70159108 45783
TANCREDO-1              
1 41931U 98067KT  17282.04440816  .00597844  16812-3  11768-2 0  9998
2 41931  51.6241 164.3025 0006635 230.4188 129.6236 15.99442575 41551
ITF-2                   
1 41932U 98067KU  17281.79225933  .00024210  00000-0  26380-3 0  9999
2 41932  51.6389 183.1153 0003302 344.6639  15.4255 15.63261313 41286
WASEDA-SAT3             
1 41933U 98067KV  17281.77426607  .00027492  00000-0  28435-3 0  9997
2 41933  51.6370 182.2093 0002939 349.7148  10.3787 15.64514441 41295
AOBA-VELOX 3            
1 41935U 98067KX  17281.74693280  .00026644  00000-0  28089-3 0  9992
2 41935  51.6385 182.8025 0002671 353.5828   6.5132 15.64048180 41388
OSNSAT                  
1 41939U 98067KZ  17281.30554127  .00083099  00000-0  56391-3 0  9998
2 41939  51.6355 177.5242 0001022 349.9989  10.0990 15.74240797 40668
LEMUR-2-REDFERN-GOES    
1 42059U 98067LA  17281.80192327  .00025846  00000-0  29228-3 0  9992
2 42059  51.6373 185.3992 0005934  13.8866 346.2291 15.62251825 33748
LEMUR-2-TRUTNA          
1 42067U 98067LC  17282.21728018  .00050588  00000-0  44371-3 0  9996
2 42067  51.6360 179.9089 0003878  28.8501 331.2709 15.68320908 33682
LEMUR-2-AUSTINTACIOUS   
1 42068U 98067LD  17281.80713103  .00029750  00000-0  31597-3 0  9993
2 42068  51.6380 184.6850 0005139   7.3616 352.7453 15.63786476 33680
LEMUR-2-TRUTNAHD        
1 42069U 98067LE  17281.83999168  .00025720  00000-0  28501-3 0  9998
2 42069  51.6384 184.9191 0005125  14.5669 345.5472 15.62783024 33731
ISS DEB                 
1 42434U 98067LF  17282.19139181  .00548746  13116-3  15178-2 0  9993
2 42434  51.6262 173.6196 0007304 218.9508 141.0974 15.93229009 30088
TIANZHOU 1              
1 42684U 17021A   17264.10196765  .00025036  00000-0  31524-3 0  9994
2 42684  42.7846 145.1653 0002796 246.0577 114.0462 15.59122908 23989
ISS DEB                 
1 42697U 98067LG  17282.14267308  .00395772  00000-0  15938-2 0  9990
2 42697  51.6291 180.1004 0005206 195.1243 164.9606 15.84779109 24511
HAVELSAT                
1 42700U 98067LH  17282.17229635  .00024028  00000-0  30070-3 0  9997
2 42700  51.6385 187.1279 0005797  45.1441 315.0022 15.59648839 22707
SOMP 2                  
1 42701U 98067LJ  17282.12493164  .00022394  00000-0  28507-3 0  9999
2 42701  51.6382 187.5641 0005721  44.6679 315.4774 15.59244463 22686
COLUMBIA                
1 42702U 98067LK  17282.13208828  .00063039  00000-0  62865-3 0  9998
2 42702  51.6368 185.3521 0004151  60.8773 299.2637 15.65040354 22648
SGSAT                   
1 42703U 98067LL  17282.13549817  .00046131  00000-0  50215-3 0  9995
2 42703  51.6364 186.1218 0000622  75.3149 284.7915 15.62954712 22629
CXBN-2                  
1 42704U 98067LM  17282.13165384  .00022530  00000-0  28614-3 0  9994
2 42704  51.6387 187.6089 0000928  31.3413 328.7635 15.59313683 22611
ICECUBE                 
1 42705U 98067LN  17282.16277663  .00035166  00000-0  42207-3 0  9995
2 42705  51.6401 187.0790 0001056 358.7605   1.3386 15.60550214 22683
PHOENIX                 
1 42706U 98067LP  17282.11752971  .00023414  00000-0  29551-3 0  9991
2 42706  51.6385 187.5169 0001361  67.8728 292.2410 15.59455514 22609
X-CUBESAT               
1 42707U 98067LQ  17282.18005293  .00022912  00000-0  28801-3 0  9996
2 42707  51.6373 187.1774 0001448  68.7470 291.3678 15.59575501 22600
QBEE50-LTU-OC           
1 42708U 98067LR  17281.99248789  .00023052  00000-0  29101-3 0  9994
2 42708  51.6374 188.1747 0001385  67.3828 292.7312 15.59458948 22532
ALTAIR PATHFINDER       
1 42711U 98067LS  17282.13558747  .00014893  00000-0  20280-3 0  9995
2 42711  51.6384 188.3793 0003129 334.4246  25.6591 15.57776110 22253
SHARC                   
1 42712U 98067LT  17282.01230195  .00015628  00000-0  21552-3 0  9997
2 42712  51.6394 189.0641 0001583 355.4074   4.6903 15.57391094 22471
ZA-AEROSAT              
1 42713U 98067LU  17282.15932610  .00020240  00000-0  26524-3 0  9994
2 42713  51.6385 187.7930 0000954 348.8396  11.2575 15.58554051 22263
LINK                    
1 42714U 98067LV  17282.18051514  .00029263  00000-0  35613-3 0  9996
2 42714  51.6371 187.1769 0000651  21.8053 338.2968 15.60281723 22382
CSUNSAT 1               
1 42715U 98067LW  17282.16341430  .00021200  00000-0  27557-3 0  9995
2 42715  51.6388 187.8161 0002846 321.0074  39.0713 15.58737207 22261
UPSAT                   
1 42716U 98067LX  17282.16601836  .00027289  00000-0  33413-3 0  9996
2 42716  51.6381 187.0876 0004314  55.2819 304.8580 15.60155540 22403
SPACECUBE               
1 42717U 98067LY  17282.13291518  .00022992  00000-0  29183-3 0  9991
2 42717  51.6383 187.6149 0004316  52.8112 307.3274 15.59310486 21638
HOOPOE                  
1 42718U 98067LZ  17282.11728167  .00024233  00000-0  30221-3 0  9990
2 42718  51.6381 187.5113 0004233  52.5516 307.5861 15.59743228 21638
CHALLENGER              
1 42721U 98067MA  17282.16582034  .00035569  00000-0  42068-3 0  9996
2 42721  51.6371 187.0762 0005864  27.5825 332.5479 15.60912468 21349
NJUST-1                 
1 42722U 98067MB  17282.12189980  .00018140  00000-0  24026-3 0  9996
2 42722  51.6387 188.2882 0006662  23.4593 336.6702 15.58335757 21326
UNSW-ECO                
1 42723U 98067MC  17281.95582253  .00026646  00000-0  33401-3 0  9994
2 42723  51.6386 188.6830 0006106  24.8342 335.2944 15.59540339 21286
DUTHSAT                 
1 42724U 98067MD  17282.17935551  .00032572  00000-0  38973-3 0  9997
2 42724  51.6384 187.1731 0005245  33.2955 326.8367 15.60657539 21240
LILACSAT-1              
1 42725U 98067ME  17282.11825301  .00021782  00000-0  28332-3 0  9992
2 42725  51.6386 188.2673 0005707  29.4669 330.6644 15.58690215 21226
NSIGHT-1                
1 42726U 98067MF  17282.17075146  .00010439  00000-0  14826-3 0  9993
2 42726  51.6395 188.6198 0006284  27.4229 332.7093 15.57014663 21232
SNUSAT-1                
1 42727U 98067MG  17282.11560636  .00020513  00000-0  26739-3 0  9991
2 42727  51.6373 188.2395 0006204 343.3930  16.6859 15.58672205 21191
QBITO                   
1 42728U 98067MH  17282.15859729  .00024493  00000-0  31222-3 0  9994
2 42728  51.6401 187.7942 0003443  48.2575 311.8712 15.59159488 21040
AALTO-2                 
1 42729U 98067MJ  17282.15847857  .00025177  00000-0  32058-3 0  9992
2 42729  51.6390 187.7873 0003374  48.4760 311.6522 15.59172034 21052
SUSAT                   
1 42730U 98067MK  17282.16639550  .00022869  00000-0  29434-3 0  9993
2 42730  51.6385 187.8371 0003403  44.2815 315.8449 15.58947762 21040
I-INSPIRE II            
1 42731U 98067ML  17282.14047029  .00029203  00000-0  36183-3 0  9994
2 42731  51.6376 187.6528 0005003 325.8664  34.2007 15.59801279 21091
POLYITAN-2-SAU          
1 42732U 98067MM  17281.96154153  .00025076  00000-0  31789-3 0  9992
2 42732  51.6379 188.7096 0005268 324.6118  35.4525 15.59283720 21061
SNUSAT-1B               
1 42733U 98067MN  17282.16627291  .00022402  00000-0  28815-3 0  9990
2 42733  51.6382 187.8286 0005399 328.9993  31.0680 15.58969292 21091
EXALTA-1                
1 42734U 98067MP  17282.14252887  .00027389  00000-0  34141-3 0  9992
2 42734  51.6375 187.6695 0006926 355.1333   4.9591 15.59666019 21040
AOXIANG-1               
1 42735U 98067MQ  17281.60481936  .00019445  00000-0  25630-3 0  9999
2 42735  51.6382 190.8332 0007140  17.2793 342.8441 15.58408521 22374
BEEAGLESAT              
1 42736U 98067MR  17282.17590444  .00020806  00000-0  27094-3 0  9997
2 42736  51.6378 187.8976 0006976  18.9906 341.1346 15.58682947 21157
ATLANTIS                
1 42737U 98067MS  17282.15390703  .00057336  00000-0  60587-3 0  9994
2 42737  51.6357 186.2382 0004736  26.5559 333.5677 15.63609770 21061
PROGRESS-MS 06          
1 42756U 17033A   17281.52693287  .00006675  00000-0  10802-3 0  9997
2 42756  51.6425 193.3126 0004501   0.5640 355.1902 15.54118791 79372
ISS DEB (ROSA)          
1 42813U 98067MT  17281.26398739  .00081998  00000-0  89501-3 0  9995
2 42813  51.6371 192.3031 0001096  30.7413 329.3646 15.62641746 16301
SOYUZ-MS 05             
1 42898U 17043A   17281.52693287  .00006675  00000-0  10802-3 0  9995
2 42898  51.6425 193.3126 0004501   0.5640 355.1902 15.54118791 79379
DRAGON CRS-12           
1 42904U 17045A   17260.43667123  .35747718  00000-0  35781+0 0  9999
2 42904  51.6403 298.4787 0004318 303.3822  56.5513 15.57297920  5256
SOYUZ-MS 06             
1 42937U 17054A   17281.52693287  .00006675  00000-0  10802-3 0  9991
2 42937  51.6425 193.3126 0004501   0.5640 355.1902 15.54118791 79373
